1
500 499
1 2 5000
2 3 5000
3 4 5000
4 5 5000
5 6 5000
6 7 5000
7 8 5000
8 9 5000
9 10 5000
10 11 5000
11 12 5000
12 13 5000
13 14 5000
14 15 5000
15 16 5000
16 17 5000
17 18 5000
18 19 5000
19 20 5000
20 21 5000
21 22 5000
22 23 5000
23 24 5000
24 25 5000
25 26 5000
26 27 5000
27 28 5000
28 29 5000
29 30 5000
30 31 5000
31 32 5000
32 33 5000
33 34 5000
34 35 5000
35 36 5000
36 37 5000
37 38 5000
38 39 5000
39 40 5000
40 41 5000
41 42 5000
42 43 5000
43 44 5000
44 45 5000
45 46 5000
46 47 5000
47 48 5000
48 49 5000
49 50 5000
50 51 5000
51 52 5000
52 53 5000
53 54 5000
54 55 5000
55 56 5000
56 57 5000
57 58 5000
58 59 5000
59 60 5000
60 61 5000
61 62 5000
62 63 5000
63 64 5000
64 65 5000
65 66 5000
66 67 5000
67 68 5000
68 69 5000
69 70 5000
70 71 5000
71 72 5000
72 73 5000
73 74 5000
74 75 5000
75 76 5000
76 77 5000
77 78 5000
78 79 5000
79 80 5000
80 81 5000
81 82 5000
82 83 5000
83 84 5000
84 85 5000
85 86 5000
86 87 5000
87 88 5000
88 89 5000
89 90 5000
90 91 5000
91 92 5000
92 93 5000
93 94 5000
94 95 5000
95 96 5000
96 97 5000
97 98 5000
98 99 5000
99 100 5000
100 101 5000
101 102 5000
102 103 5000
103 104 5000
104 105 5000
105 106 5000
106 107 5000
107 108 5000
108 109 5000
109 110 5000
110 111 5000
111 112 5000
112 113 5000
113 114 5000
114 115 5000
115 116 5000
116 117 5000
117 118 5000
118 119 5000
119 120 5000
120 121 5000
121 122 5000
122 123 5000
123 124 5000
124 125 5000
125 126 5000
126 127 5000
127 128 5000
128 129 5000
129 130 5000
130 131 5000
131 132 5000
132 133 5000
133 134 5000
134 135 5000
135 136 5000
136 137 5000
137 138 5000
138 139 5000
139 140 5000
140 141 5000
141 142 5000
142 143 5000
143 144 5000
144 145 5000
145 146 5000
146 147 5000
147 148 5000
148 149 5000
149 150 5000
150 151 5000
151 152 5000
152 153 5000
153 154 5000
154 155 5000
155 156 5000
156 157 5000
157 158 5000
158 159 5000
159 160 5000
160 161 5000
161 162 5000
162 163 5000
163 164 5000
164 165 5000
165 166 5000
166 167 5000
167 168 5000
168 169 5000
169 170 5000
170 171 5000
171 172 5000
172 173 5000
173 174 5000
174 175 5000
175 176 5000
176 177 5000
177 178 5000
178 179 5000
179 180 5000
180 181 5000
181 182 5000
182 183 5000
183 184 5000
184 185 5000
185 186 5000
186 187 5000
187 188 5000
188 189 5000
189 190 5000
190 191 5000
191 192 5000
192 193 5000
193 194 5000
194 195 5000
195 196 5000
196 197 5000
197 198 5000
198 199 5000
199 200 5000
200 201 5000
201 202 5000
202 203 5000
203 204 5000
204 205 5000
205 206 5000
206 207 5000
207 208 5000
208 209 5000
209 210 5000
210 211 5000
211 212 5000
212 213 5000
213 214 5000
214 215 5000
215 216 5000
216 217 5000
217 218 5000
218 219 5000
219 220 5000
220 221 5000
221 222 5000
222 223 5000
223 224 5000
224 225 5000
225 226 5000
226 227 5000
227 228 5000
228 229 5000
229 230 5000
230 231 5000
231 232 5000
232 233 5000
233 234 5000
234 235 5000
235 236 5000
236 237 5000
237 238 5000
238 239 5000
239 240 5000
240 241 5000
241 242 5000
242 243 5000
243 244 5000
244 245 5000
245 246 5000
246 247 5000
247 248 5000
248 249 5000
249 250 5000
250 251 5000
251 252 5000
252 253 5000
253 254 5000
254 255 5000
255 256 5000
256 257 5000
257 258 5000
258 259 5000
259 260 5000
260 261 5000
261 262 5000
262 263 5000
263 264 5000
264 265 5000
265 266 5000
266 267 5000
267 268 5000
268 269 5000
269 270 5000
270 271 5000
271 272 5000
272 273 5000
273 274 5000
274 275 5000
275 276 5000
276 277 5000
277 278 5000
278 279 5000
279 280 5000
280 281 5000
281 282 5000
282 283 5000
283 284 5000
284 285 5000
285 286 5000
286 287 5000
287 288 5000
288 289 5000
289 290 5000
290 291 5000
291 292 5000
292 293 5000
293 294 5000
294 295 5000
295 296 5000
296 297 5000
297 298 5000
298 299 5000
299 300 5000
300 301 5000
301 302 5000
302 303 5000
303 304 5000
304 305 5000
305 306 5000
306 307 5000
307 308 5000
308 309 5000
309 310 5000
310 311 5000
311 312 5000
312 313 5000
313 314 5000
314 315 5000
315 316 5000
316 317 5000
317 318 5000
318 319 5000
319 320 5000
320 321 5000
321 322 5000
322 323 5000
323 324 5000
324 325 5000
325 326 5000
326 327 5000
327 328 5000
328 329 5000
329 330 5000
330 331 5000
331 332 5000
332 333 5000
333 334 5000
334 335 5000
335 336 5000
336 337 5000
337 338 5000
338 339 5000
339 340 5000
340 341 5000
341 342 5000
342 343 5000
343 344 5000
344 345 5000
345 346 5000
346 347 5000
347 348 5000
348 349 5000
349 350 5000
350 351 5000
351 352 5000
352 353 5000
353 354 5000
354 355 5000
355 356 5000
356 357 5000
357 358 5000
358 359 5000
359 360 5000
360 361 5000
361 362 5000
362 363 5000
363 364 5000
364 365 5000
365 366 5000
366 367 5000
367 368 5000
368 369 5000
369 370 5000
370 371 5000
371 372 5000
372 373 5000
373 374 5000
374 375 5000
375 376 5000
376 377 5000
377 378 5000
378 379 5000
379 380 5000
380 381 5000
381 382 5000
382 383 5000
383 384 5000
384 385 5000
385 386 5000
386 387 5000
387 388 5000
388 389 5000
389 390 5000
390 391 5000
391 392 5000
392 393 5000
393 394 5000
394 395 5000
395 396 5000
396 397 5000
397 398 5000
398 399 5000
399 400 5000
400 401 5000
401 402 5000
402 403 5000
403 404 5000
404 405 5000
405 406 5000
406 407 5000
407 408 5000
408 409 5000
409 410 5000
410 411 5000
411 412 5000
412 413 5000
413 414 5000
414 415 5000
415 416 5000
416 417 5000
417 418 5000
418 419 5000
419 420 5000
420 421 5000
421 422 5000
422 423 5000
423 424 5000
424 425 5000
425 426 5000
426 427 5000
427 428 5000
428 429 5000
429 430 5000
430 431 5000
431 432 5000
432 433 5000
433 434 5000
434 435 5000
435 436 5000
436 437 5000
437 438 5000
438 439 5000
439 440 5000
440 441 5000
441 442 5000
442 443 5000
443 444 5000
444 445 5000
445 446 5000
446 447 5000
447 448 5000
448 449 5000
449 450 5000
450 451 5000
451 452 5000
452 453 5000
453 454 5000
454 455 5000
455 456 5000
456 457 5000
457 458 5000
458 459 5000
459 460 5000
460 461 5000
461 462 5000
462 463 5000
463 464 5000
464 465 5000
465 466 5000
466 467 5000
467 468 5000
468 469 5000
469 470 5000
470 471 5000
471 472 5000
472 473 5000
473 474 5000
474 475 5000
475 476 5000
476 477 5000
477 478 5000
478 479 5000
479 480 5000
480 481 5000
481 482 5000
482 483 5000
483 484 5000
484 485 5000
485 486 5000
486 487 5000
487 488 5000
488 489 5000
489 490 5000
490 491 5000
491 492 5000
492 493 5000
493 494 5000
494 495 5000
495 496 5000
496 497 5000
497 498 5000
498 499 5000
499 500 5000
