20
50 1 1
100 1000000
100 1000000
100 1000000
100 1000000
100 1000000
100 1000000
100 1000000
100 1000000
100 1000000
100 1000000
100 1000000
100 1000000
100 1000000
100 1000000
100 1000000
100 1000000
100 1000000
100 1000000
100 1000000
100 1000000
100 1000000
100 1000000
100 1000000
100 1000000
100 1000000
100 1000000
100 1000000
100 1000000
100 1000000
100 1000000
100 1000000
100 1000000
100 1000000
100 1000000
100 1000000
100 1000000
100 1000000
100 1000000
100 1000000
100 1000000
100 1000000
100 1000000
100 1000000
100 1000000
100 1000000
100 1000000
100 1000000
100 1000000
100 1000000
100 1000000

50 1 1
100 1000000
100 1000000
100 1000000
100 1000000
100 1000000
100 1000000
100 1000000
100 1000000
100 1000000
100 1000000
100 1000000
100 1000000
100 1000000
100 1000000
100 1000000
100 1000000
100 1000000
100 1000000
100 1000000
100 1000000
100 1000000
100 1000000
100 1000000
100 1000000
100 1000000
100 1000000
100 1000000
100 1000000
100 1000000
100 1000000
100 1000000
100 1000000
100 1000000
100 1000000
100 1000000
100 1000000
100 1000000
100 1000000
100 1000000
100 1000000
100 1000000
100 1000000
100 1000000
100 1000000
100 1000000
100 1000000
100 1000000
100 1000000
100 1000000
100 1000000
