16
4 4
1 2
2 3
3 4
4 1

5 5
1 2
2 3
3 4
4 5
5 1

7 7
1 2
2 3
3 4
4 5
5 6
6 7
7 1

8 8
1 2
2 3
3 4
4 5
5 6
6 7
7 8
8 1

8 9
1 2
2 3
3 4
4 5
5 6
6 7
7 8
8 1
8 2

8 9
1 2
2 3
3 4
4 5
5 6
6 7
7 8
8 1
8 3

8 9
1 2
2 3
3 4
4 5
5 6
6 7
7 8
8 1
8 4

8 9
1 2
2 3
3 4
4 5
6 5
6 7
7 8
8 1
8 4

8 9
2 1
7 6
8 1
4 3
8 7
5 6
4 8
2 3
5 4

8 9
2 1
7 6
8 1
4 3
8 7
5 6
3 8
2 3
5 4

4 1
1 2

4 3
1 2
1 3
2 3

8 9
2 1
7 6
8 1
4 3
8 7
5 6
2 8
2 3
5 4

8 9
2 1
7 6
8 1
4 3
8 7
5 6
4 8
2 3
5 4

8 9
2 1
7 6
8 1
4 3
8 7
5 6
5 8
2 3
5 4

8 9
2 1
7 6
8 1
4 3
8 7
5 6
8 6
2 3
5 4
